  3.5832421525945293e+00   1.7762943661477117e+01
  3.9437331727736704e+00   2.0051123245720245e+01
  1.8638039043315460e+00   6.7838796502053400e+00
  5.6402708084049884e+00   3.9128758254487387e+01
  2.2065644148051371e+00   7.4630844513126826e+00
  3.1582526343437962e+00   1.4176319792925534e+01
  4.5028814171580427e+00   2.5688020924310436e+01
  2.7547119133927684e+00   1.2437433385608255e+01
  2.9420477811376609e+00   1.2513790648521287e+01
  3.0909923850731507e+00   1.2762385170094607e+01
  4.5514540445464240e+00   2.6829095989528074e+01
  6.2922080128149576e+00   4.7227593869555506e+01
  4.0415393929984038e+00   2.2328272640186928e+01
  2.8820745548864832e+00   1.2332305936873370e+01
  4.5390583205807893e+00   2.5660620101668218e+01
  3.4038403001935329e+00   1.5920341404696112e+01
  3.9808695034788486e+00   2.0580284623501917e+01
  5.1750012195002908e+00   3.3111711308620109e+01
  3.2521290507061376e+00   1.4657025773215761e+01
  4.0090252509733251e+00   2.0378721500386018e+01
  3.1218921067596579e+00   1.4090612301400673e+01
  3.8435658296153763e+00   1.9447329097117912e+01
  4.2565704520012959e+00   2.3279471950712018e+01
  3.0112209512303783e+00   1.3556867936190404e+01
  3.6611780339708035e+00   1.9246104358971412e+01
  3.7638159691473989e+00   1.8868350237186601e+01
  3.3623449875156988e+00   1.6746220563655047e+01
  2.8123877136147160e+00   1.0756257037660149e+01
  2.5787827726958730e+00   1.0526012359545751e+01
  3.8465048043230508e+00   1.9620369596140861e+01
  3.7309430397839867e+00   1.8860066126416317e+01
  6.2313667888866044e+00   4.6314324022315553e+01
  1.5652324234789559e+00   4.5308701982250179e+00
  4.1127265048166493e+00   2.2192385187845694e+01
  4.3704445366632338e+00   2.4671848626148243e+01
  5.3596338626725961e+00   3.5862957535283073e+01
  4.5018572067813132e+00   2.7332142408947014e+01
  3.1557862961701382e+00   1.3928904138681178e+01
  4.0000097614715964e+00   2.1222884824454916e+01
  4.5423525721490288e+00   2.5709145574381591e+01
  3.6864918030065912e+00   1.7254222329058255e+01
  4.7710117380694115e+00   2.9683348304189092e+01
  2.1319093454362363e+00   6.9386554504295850e+00
  5.7311846659804679e+00   3.9851101067619901e+01
  5.4676780105734126e+00   3.6967346864900840e+01
  3.6643226614761524e+00   1.8779906518611426e+01
  4.6113407795737178e+00   2.7455710761767925e+01
  4.0479705918681885e+00   2.2676734725503028e+01
  3.1708647109852213e+00   1.4268171856915817e+01
  4.0877102184083318e+00   2.1200493922012935e+01
  5.0003658865506946e+00   3.1573575921871029e+01
  3.6189074824846501e+00   1.7998905428097494e+01
  3.6243305769210066e+00   1.7575519223051479e+01
  3.9255292371060189e+00   2.0454095243477660e+01
  4.4334963300765704e+00   2.5182891327155826e+01
  5.2783792302718684e+00   3.5562600547094213e+01
  3.3653206948206376e+00   1.5557392433939539e+01
  4.5083962426834319e+00   2.5538991163761665e+01
  4.2161160062636824e+00   2.3474690264061682e+01
  2.1413876138765024e+00   6.7440904152950854e+00
  3.5806835178473113e+00   1.7831623405177904e+01
  3.8676711015632566e+00   2.0303578946299492e+01
  3.9604297603063943e+00   2.0515365478380470e+01
  4.3260034333869806e+00   2.4125599769276377e+01
  1.9596769512712848e+00   6.3916858921647988e+00
  4.0462555231416966e+00   2.2535127004856349e+01
  3.3223244226719584e+00   1.5722105486878739e+01
  2.5605609732613819e+00   9.5272389309805696e+00
  4.5242964300103488e+00   2.5774677686811131e+01
  4.7352795760652029e+00   2.8566435029964211e+01
  3.3467497322079645e+00   1.5710163573008206e+01
  4.8424562815713399e+00   2.9376168752018675e+01
  3.6184835182349140e+00   1.8081220198619942e+01
  4.0664890091461450e+00   2.1817454198419405e+01
  2.9012610530039433e+00   1.2937243786047375e+01
  5.5844870563956768e+00   3.8606585266656062e+01
  1.3405505436165117e+00   3.8591374791672952e+00
  3.9085473771093420e+00   2.0534815159667563e+01
  4.6951196050469912e+00   2.7736937220965913e+01
  1.9665334538773864e+00   7.1694660669724701e+00
  3.8105307352876192e+00   1.9784383598646780e+01
  3.9227813346470430e+00   2.0387053926594024e+01
  4.8247030054369819e+00   2.9626300972074691e+01
  5.2482129205970338e+00   3.4073251710219331e+01
  3.5961077306620606e+00   1.8990912374987730e+01
  2.6154813334641354e+00   1.0253639678680967e+01
  5.3672354239271245e+00   3.6007316668026462e+01
  5.2178856330562908e+00   3.4170017241895962e+01
  3.5379946518466197e+00   1.6863825374186323e+01
  4.3508884940877461e+00   2.4654125779456137e+01
  4.3818662341266972e+00   2.4798523820815525e+01
  4.5662754414424560e+00   2.6955158711718592e+01
  4.2042079789141118e+00   2.3348568500450629e+01
  5.4066962416613702e+00   3.6604212280841395e+01
  2.2620404956154321e+00   8.7227858422127458e+00
  5.0408239533907286e+00   3.1755363349739707e+01
  4.3804719702150008e+00   2.4682655212537192e+01
  3.7828647312551205e+00   1.9054598910772231e+01
  5.1735314984949534e+00   3.3042400421050054e+01
  1.6563968090000381e+00   4.3598901075442953e+00
  5.1615214907407729e+00   3.3636965618569093e+01
  4.3860780476035943e+00   2.4961167570783470e+01
  2.8668667263230176e+00   1.2053528552371173e+01
  4.4330925546566906e+00   2.4643153291523998e+01
  3.6959135611986844e+00   1.7844353280386997e+01
  6.5852948680645493e+00   5.0510742612962652e+01
  5.8353327228648251e+00   4.1502026738344249e+01
  4.4406898724151098e+00   2.5883168904488411e+01
  3.2807461585733226e+00   1.5497345325802089e+01
  3.4165854054209923e+00   1.6233904650348034e+01
  3.6749503716182139e+00   1.7875830935605912e+01
  3.4397654937622031e+00   1.6455214429863336e+01
  3.0977539319294980e+00   1.3814563808261854e+01
  3.4090277245305547e+00   1.6565179565179896e+01
  3.7238205077492621e+00   1.9218357512652450e+01
  3.4831161062674134e+00   1.6678718768262272e+01
  3.3014100500636112e+00   1.5343657695736740e+01
  3.0711080754761806e+00   1.3965131378044928e+01
  6.5504382358796605e+00   5.1497361225538938e+01
  2.5268267522001144e+00   9.8316947627157205e+00
  2.9785852694779336e+00   1.1861963281472818e+01
  4.4323957009796064e+00   2.5132416408195940e+01
  3.6764199299234761e+00   1.8847123909800739e+01
  4.4238247078658803e+00   2.5453728670385402e+01
  4.7991799950350149e+00   2.9767733318934226e+01
  5.2626136633248199e+00   3.4337617982908391e+01
  4.7519648492148807e+00   2.8823663056386561e+01
  3.0062390168814090e+00   1.3541722144808150e+01
  5.1091432813616482e+00   3.3078229086577302e+01
  2.2350822717242442e+00   8.3735329196052213e+00
  3.8855787029698794e+00   2.0804845533507649e+01
  3.5018258060782417e+00   1.7632630819325072e+01
  2.9392009636695677e+00   1.3361116466294101e+01
  4.5916665207276788e+00   2.6267561462548930e+01
  3.8167434262204187e+00   1.9404463202719125e+01
  5.0198547293692375e+00   3.1558482944215534e+01
  2.5175345221773293e+00   9.6767139955682140e+00
  4.8463118918420793e+00   2.8983506031397116e+01
  4.4979401483668209e+00   2.6779553967607519e+01
  4.1265041753065059e+00   2.1979189142623383e+01
  2.5811894488514655e+00   1.0309715942144491e+01
  3.7482258816301761e+00   1.7844955291265162e+01
  2.4533253887355837e+00   9.2092590283717541e+00
  1.9173480642550507e+00   6.3480165634981329e+00
  7.2797454011113993e+00   6.1762453129172755e+01
  4.9708613200402736e+00   3.1542201077851594e+01
  5.7925928523982844e+00   4.2195485606749344e+01
  3.5709866814901550e+00   1.7099339232139030e+01
  4.6961979796114308e+00   2.7757108057131873e+01
  4.6974162722769295e+00   2.9078528242519958e+01
  4.6015158136671994e+00   2.7476787328625022e+01
  4.0036594907144698e+00   2.1175633692528216e+01
  3.7717524418059658e+00   1.8612440970511166e+01
  1.9303877373345495e+00   6.9091871079599967e+00
  4.6101440864066578e+00   2.7392180740091192e+01
  4.4234969004428724e+00   2.6151777825596223e+01
  5.1178867334508418e+00   3.2398752639872981e+01
  3.7257579111364740e+00   1.8765400812533414e+01
  5.7418121884722346e+00   4.0204614139224589e+01
  3.5524991238073542e+00   1.7274833340957734e+01
  2.7445727816541416e+00   1.1854984376996777e+01
  4.9381636712741441e+00   3.1232441522320272e+01
  3.5316537404417683e+00   1.6890353176092994e+01
  2.7452796928871450e+00   1.1284734578922986e+01
  4.1248236463858445e+00   2.2348551985391204e+01
  4.7565021430525523e+00   2.9276676367470806e+01
  4.2414396288416922e+00   2.3491414646456256e+01
  4.4974256489247368e+00   2.5564767320998914e+01
  8.1086926238052008e+00   7.5808673088178438e+01
  4.8211208773119116e+00   2.9504662997081574e+01
  5.5317603163169560e+00   3.8197094815599158e+01
  2.0141542262073546e+00   7.6117157688071790e+00
  4.3650535164408408e+00   2.5437140402043415e+01
  4.7740820334046994e+00   2.9202812011004095e+01
  3.6355209083873414e+00   1.7820670203309543e+01
  3.1240205223346051e+00   1.4298971970793975e+01
  4.3965201586867089e+00   2.5009751413835005e+01
  3.6853825643440690e+00   1.8191876963728209e+01
  3.4062444171173931e+00   1.6334620597534414e+01
  5.1495005677179826e+00   3.3396905521613846e+01
  5.3355661683407218e+00   3.5802711789078828e+01
  4.3026293361780992e+00   2.3723333467905622e+01
  3.5457721452838897e+00   1.6490608687883860e+01
  4.5143707174654484e+00   2.6546380014441855e+01
  4.8294584306133936e+00   2.9133352746730978e+01
  4.6306219672771203e+00   2.7994482505630305e+01
  2.5466356503432115e+00   9.4871400825565644e+00
  3.6619822226437719e+00   1.8009447165890858e+01
  4.3591333317938048e+00   2.3823877174124274e+01
  4.6222204144679324e+00   2.8429911026632638e+01
  4.9607819448432284e+00   3.0826892454540985e+01
  4.7583703471667693e+00   2.8804148042043508e+01
  2.8656815169693814e+00   1.1880875370462935e+01
  3.2925791124362132e+00   1.5164916541084146e+01
  2.7785708349042313e+00   1.1961579083794595e+01
  5.8044766415797255e+00   4.1201386581189539e+01
  4.1804098069115465e+00   2.2977849999197755e+01
  4.5531642741578118e+00   2.7281443316738489e+01
  5.0330290659276216e+00   3.1185804466128126e+01
  3.6709975652992939e+00   1.8938185097951497e+01
  2.8489970558588515e+00   1.2824025780393274e+01
  3.5734775291447303e+00   1.6854564893819195e+01
  3.8518528088226982e+00   2.0085466394383655e+01
  5.5014369152565781e+00   3.6714815717390650e+01
  4.8695981975449447e+00   2.8991569840184741e+01
  2.9129094251575585e+00   1.2046969877012053e+01
  4.6642214133956301e+00   2.8104709537159650e+01
  4.7348846677409515e+00   2.8970320336144070e+01
  2.9386342560691618e+00   1.2468619507782295e+01
  3.8914831760810156e+00   1.9871132269372129e+01
  2.1495960262085236e+00   7.4716238931363366e+00
  4.3304880639989198e+00   2.4081892287814068e+01
  3.6843067896972261e+00   1.8170682088464812e+01
  2.6499978973344556e+00   9.4883596037449056e+00
  3.3018290024171071e+00   1.5235707079491117e+01
  4.2399511982728866e+00   2.3496638453618978e+01
  3.4470505604367778e+00   1.7599849444792710e+01
  4.2995268131801581e+00   2.4474138616518779e+01
  4.5526636956041990e+00   2.6609811880581031e+01
  3.1595569875085032e+00   1.4300781983703956e+01
  3.6877293303413561e+00   1.8678800941066125e+01
  6.1446780891110375e+00   4.5269538498202316e+01
  4.1211055815783286e+00   2.1377058741113430e+01
  3.1531712480581064e+00   1.3850606996378819e+01
  4.0604624490029124e+00   2.1735838570840695e+01
  2.6614111201314770e+00   1.0823588388081316e+01
  5.1327460759333485e+00   3.2634574033152909e+01
  4.3703048427472400e+00   2.4371054373841002e+01
  5.0858064040220965e+00   3.2324542609204826e+01
  4.9021793954405899e+00   3.0429008127538399e+01
  4.3902964498107622e+00   2.5316689558749303e+01
  4.9755094122285648e+00   3.1093146271655598e+01
  4.1915736466077780e+00   2.3306229884833336e+01
  3.3377909882057510e+00   1.5134703757204695e+01
  2.9764850152019697e+00   1.3326006344169446e+01
  3.5518251766556315e+00   1.7337278318792531e+01
  1.4945418679256051e+00   3.8335209298295014e+00
  5.8259944571346693e+00   4.1295071581437462e+01
  2.2859325889039672e+00   8.5100181478536800e+00
  3.9233604360026311e+00   2.0057092235626069e+01
  2.6824327302459627e+00   1.1265371391043892e+01
  1.9744064081654131e+00   6.5895003890848995e+00
  3.9177546249668698e+00   2.0766101341872513e+01
  3.6953334151503432e+00   1.8080957782777329e+01
  3.8402758698786137e+00   1.9999923386804340e+01
  4.5489465598226193e+00   2.7003876118413704e+01
  3.3816245149123212e+00   1.5761900839566609e+01
  4.3787944657069744e+00   2.4821167956627253e+01
  4.5132514443093328e+00   2.5988856977290737e+01
  3.6651558745422816e+00   1.8487356625907452e+01
  3.7164804836366891e+00   1.8777020950749836e+01
  4.5384242627906186e+00   2.6782806208909193e+01
  4.0572509465211102e+00   2.1789833582853046e+01
  4.1590884866502194e+00   2.2142811318175855e+01
  1.6255973159337462e+00   4.4265814187942354e+00
  4.0585199352806711e+00   2.1606887649030543e+01
  4.3765459110340412e+00   2.5126112602770316e+01
  3.8645202356968178e+00   2.1193272670607978e+01
  4.3359083951093593e+00   2.4927602409243217e+01
  5.9043759091802528e+00   4.2130275372548716e+01
  4.0853644334226500e+00   2.1069706534186281e+01
  4.6653342779222271e+00   2.8110991991147209e+01
  3.1500044972849341e+00   1.4201557273426534e+01
  3.1476582033115821e+00   1.3569109763502038e+01
  3.5200148884673492e+00   1.7552367146281352e+01
  2.9803509005240705e+00   1.2953524749961565e+01
  3.9923988615867043e+00   2.1014959527063070e+01
  3.0661693385831068e+00   1.2605659087801861e+01
  3.8250031562652400e+00   2.0195213797094372e+01
  2.5628565677692201e+00   1.0169115162522758e+01
  2.3477997087584193e+00   8.6965125908823264e+00
  3.3243382109991697e+00   1.5050965068959114e+01
  2.9329328762166771e+00   1.2429709784763860e+01
  3.3470688548617211e+00   1.6330277675420170e+01
  3.3879052498321895e+00   1.6297001583654300e+01
  3.6487375389072270e+00   1.9186688321772067e+01
  5.0454779876385052e+00   3.2535616038116963e+01
  5.3690160244009686e+00   3.5935533561117609e+01
  4.7253532593570586e+00   2.8941566836392408e+01
  3.6405255408549699e+00   1.8196499957056950e+01
  5.4969517895224858e+00   3.6581481950931156e+01
  2.4688888924075600e+00   9.2496567987750389e+00
  1.9766360609921461e+00   6.9397212886951634e+00
  4.2679725764786314e+00   2.3363933573195048e+01
  3.9977935545903382e+00   2.1014635866499635e+01
  3.8607081172313742e+00   1.9408313399452176e+01
  4.0325654693124910e+00   2.2439434859487410e+01
  2.3594397751951584e+00   8.2327029188266554e+00
  2.8433008294818585e+00   1.1469883547826100e+01
  5.2340346813645748e+00   3.3726467917828188e+01
  5.0281848991561438e+00   3.2297017415398038e+01
  3.2781202738900967e+00   1.5738074853878787e+01
  5.9331569663490775e+00   4.2539580255137224e+01
  2.9292036743628262e+00   1.2877839442392027e+01
  3.4286183921167575e+00   1.5918085694221599e+01
  4.2924320673299352e+00   2.4072070377920230e+01
  2.8050001050751163e+00   1.3035875549487727e+01
  3.5120694558081351e+00   1.7517073284369545e+01
  3.8269288347745252e+00   1.9712265571840177e+01
  3.6046535988331918e+00   1.7151905744269836e+01
  4.8708407646082090e+00   2.9916097305919919e+01
  4.5928067967811250e+00   2.6440784857292883e+01
  2.9007026908715758e+00   1.1298435978521756e+01
  3.3184693555359743e+00   1.5794134897988975e+01
  4.1800666849352126e+00   2.3277175069464473e+01
  3.9330689560034826e+00   2.0785678372518195e+01
  3.2122504596806993e+00   1.5170006364575222e+01
  4.4247536722752914e+00   2.4549366775898747e+01
  4.8198851165343832e+00   3.0211219733980990e+01
  3.3688813174149037e+00   1.5347643073033407e+01
  4.7890596485823131e+00   2.9369108758617916e+01
  2.3783261970186693e+00   9.2361439132989709e+00
  2.3895007414890372e+00   9.6142953895827112e+00
  4.4999397639700476e+00   2.7147440984926622e+01
  3.1654847926145218e+00   1.4491600408438057e+01
  3.0030403129258221e+00   1.2930497946770023e+01
  3.7366119229495118e+00   1.8389552314123449e+01
  3.3226395082569260e+00   1.5656102224040605e+01
  4.3270670380187370e+00   2.3991782368413205e+01
  2.5446405550217515e+00   9.3495371977311912e+00
  3.6284808756441920e+00   1.7918630146929242e+01
  7.1609659695458836e+00   6.0708166161987464e+01
  4.1099510128207584e+00   2.2168646955732481e+01
  2.0864767817029146e+00   6.8304914930418708e+00
  4.5998204294582221e+00   2.7248953225276505e+01
  4.5493844654591697e+00   2.6034108403187812e+01
  5.3837810348694024e+00   3.5186449159968895e+01
  4.1483492434014861e+00   2.3416306022889469e+01
  3.3464585559654534e+00   1.5835972279462082e+01
  5.4088339839624746e+00   3.7236195824147259e+01
  4.7120612274258526e+00   2.7620680505687840e+01
  2.1992839592140783e+00   8.4944495946339291e+00
  4.7475989417792679e+00   2.8648386497727493e+01
  3.7671029989512230e+00   2.0551410720873772e+01
  5.1106452803141247e+00   3.2643757442004585e+01
  3.6266611870635326e+00   1.7782437404525819e+01
  4.7861460698232881e+00   2.9362479965787603e+01
  4.1941686956582283e+00   2.3218533979963023e+01
  4.5862040977207661e+00   2.6807145479048650e+01
  3.9796127082279202e+00   2.1568726490020527e+01
  3.5855914024707043e+00   1.8004265850246018e+01
  4.0673134123520214e+00   2.2366660240606564e+01
  4.6317989237843662e+00   2.7711929402729861e+01
  4.4175927305262643e+00   2.4961409714728774e+01
  5.6151762685116378e+00   3.8418277004988816e+01
  4.4256062110933305e+00   2.5693214185611527e+01
  4.6353637577374611e+00   2.7079504992482153e+01
  6.1022292674525689e+00   4.5908899408088317e+01
  4.0661264168345026e+00   2.1928983096991335e+01
  4.5355583505835702e+00   2.6116870590431798e+01
  3.3968592078420086e+00   1.6633665980541199e+01
  4.0419576291969932e+00   2.1677673961975763e+01
  5.6419146374719471e+00   3.9700088259204108e+01
  4.3116977066622209e+00   2.4370667950511571e+01
  5.4511698997815161e+00   3.7640805871894422e+01
  2.9350721199212866e+00   1.2444992301494722e+01
  2.5991545451884388e+00   9.2825010218741983e+00
  4.3075255266972610e+00   2.3465704414694223e+01
  2.6303613273737314e+00   9.7582924896919980e+00
  6.6703372447996943e+00   5.3292750805056954e+01
  5.2484502980199768e+00   3.5248943380966466e+01
  2.7542734469456498e+00   1.1293631402321031e+01
  3.8328312256496200e+00   1.9122813385539246e+01
  3.4233890697149656e+00   1.6669120291610014e+01
  4.4160217490677622e+00   2.5527325073659629e+01
  3.9421527373581000e+00   2.0580569179729238e+01
  4.9318873578923119e+00   3.0945751921743994e+01
  5.4683321327196488e+00   3.6967859976204238e+01
  3.7786790572687079e+00   1.8737721450994648e+01
  2.8268443785572162e+00   1.2226071268013659e+01
  4.5626690781293577e+00   2.6540767823213507e+01
  3.8354849427065445e+00   1.9338682236716618e+01
  5.1448553760006090e+00   3.3025201595652604e+01
  3.8478823131991837e+00   2.0707659573274814e+01
  4.8297890458851080e+00   3.0603793905975635e+01
  4.3360659516498581e+00   2.5204815496215655e+01
  3.8109559485342479e+00   1.9349031168622776e+01
  3.5506713992836758e+00   1.6854488527022443e+01
  4.7135244477011202e+00   2.8545513418338562e+01
  6.5297348742134478e+00   5.0892117699045173e+01
  4.8376157939660214e+00   2.9777181786189583e+01
  3.8683175967481560e+00   1.9540660100240057e+01
  4.7075928660409394e+00   2.7867432469073240e+01
  4.1140538779273585e+00   2.1824357827070116e+01
  2.7191048220573295e+00   1.1542808689718195e+01
  4.3098462773847510e+00   2.4777750124393798e+01
  5.5482906939626782e+00   3.7600166657124227e+01
  3.6841719568276310e+00   1.8785436271269177e+01
  2.8740962193025941e+00   1.2530114550568932e+01
  4.4884966659384204e+00   2.5662832384364908e+01
  5.8309466569846284e+00   4.1502012939472493e+01
  4.9401759927377284e+00   3.1240266867445253e+01
  5.0187170468931077e+00   3.1202649911511323e+01
  6.3023782885423500e+00   4.8405966904294900e+01
  5.6210929776731060e+00   3.8738912710902618e+01
  4.7126832734794979e+00   2.8394287361625985e+01
  3.7912963708874852e+00   1.9301309261983423e+01
  4.1376179913049613e+00   2.1844138458004601e+01
  3.8966478316993247e+00   2.0529360462346208e+01
  4.8483505668983575e+00   2.9821110152740363e+01
  3.1168744388860974e+00   1.3750087223583508e+01
  5.5453868264718489e+00   3.7795808163720366e+01
  4.1458400731438214e+00   2.2871652611501052e+01
  3.5998939435228419e+00   1.7705400594752792e+01
  4.8152060414373761e+00   2.9199335094907884e+01
  1.9250776348372316e+00   6.5562322613788826e+00
  3.1655626094558853e+00   1.4696542252103228e+01
  3.3422815528924654e+00   1.5699546483503786e+01
  4.8205643322308260e+00   2.9124426982436074e+01
  3.5108429987393750e+00   1.7454469427462978e+01
  5.4249670340520062e+00   3.6292023475811881e+01
  3.5531421032292561e+00   1.7681269378968519e+01
  4.5211094309765638e+00   2.6292779598567062e+01
  3.2918056198169987e+00   1.4814001844588317e+01
  5.1555305896288841e+00   3.2628576091212430e+01
  3.7454695406554954e+00   1.8572855371819163e+01
  4.5189249241623832e+00   2.6226321879645997e+01
  3.5070050885454567e+00   1.5881148156462157e+01
  2.9134518471159914e+00   1.2675848171936309e+01
  3.7690825027189021e+00   1.9778686228638367e+01
  5.0980100387581615e+00   3.2486237394007176e+01
  2.9821219496780440e+00   1.2416843661924830e+01
  2.4706086445037823e+00   8.7351488837610081e+00
  3.6920122632517409e+00   1.8674028169008324e+01
  4.7807543560226762e+00   2.9298505284474558e+01
  2.9441603614341867e+00   1.2729865492853879e+01
  3.4561166186301699e+00   1.6940262599265772e+01
  4.1843017393983590e+00   2.2693332923141824e+01
  3.6693241565124226e+00   1.8240855812260744e+01
  4.2872082021600812e+00   2.4162679556349534e+01
  5.1895281369043333e+00   3.3545620266306017e+01
  4.0212015478571201e+00   2.1739103865901200e+01
  3.9345903196609244e+00   2.0950303564835650e+01
  4.7661159035350957e+00   2.8799289327009056e+01
  3.9383649153779503e+00   2.0254773498468616e+01
  3.0471028478733411e+00   1.3079170478234124e+01
  2.9855369364798365e+00   1.3543846252489129e+01
  2.8847360369623782e+00   1.1681301262849955e+01
  5.9126006784907759e+00   4.2583833074129231e+01
  3.9547367968679361e+00   2.0387464711330637e+01
  4.5769097178061822e+00   2.8093951866662174e+01
  4.7178056951262262e+00   2.8101786836056178e+01
  3.0610010022611251e+00   1.3859783743061982e+01
  4.6287758071996503e+00   2.6995846562665076e+01
  3.4355065679384222e+00   1.8021263883196848e+01
  1.9121925377112756e+00   5.7829979135726033e+00
  3.7849498683249521e+00   1.9546003257056096e+01
  2.9249714360652588e+00   1.1938891276629430e+01
  3.6620278506355679e+00   1.8714484816448120e+01
  4.3432127321965481e+00   2.3947446008161723e+01
  6.2825396395477124e+00   4.7287596158699074e+01
  3.5042211517855053e+00   1.6187064063334176e+01
  3.8360371676604053e+00   1.9619572874821682e+01
  4.3716221612603645e+00   2.4857341256390580e+01
  4.1865215199860133e+00   2.3921400539776204e+01
  3.8415707758115598e+00   1.8716034546790610e+01
  2.9170704428029053e+00   1.2782240400158194e+01
  3.0433744799350659e+00   1.3435143076566202e+01
  3.8166232649434684e+00   1.9342103966541455e+01
  2.8401931037233918e+00   1.1868831521792851e+01
  3.3422316375510812e+00   1.5876539542847375e+01
  2.7485515936856721e+00   1.1334037626448202e+01
  5.1244828606924742e+00   3.2887678308488738e+01
  2.5021601944923813e+00   9.3730896769305811e+00
  5.9020172233005361e+00   4.2215714524875430e+01
  3.4196169619452812e+00   1.6539311752566419e+01
  2.9450843256500931e+00   1.2246401061635400e+01
  2.8172427956851784e+00   1.1558060982058148e+01
  4.7794800543734981e+00   2.9115519796209867e+01
  5.0265979505650451e+00   3.1961588773779440e+01
  3.1513339988993376e+00   1.4405505809054088e+01
  4.3315396481068902e+00   2.4359088928660686e+01
  3.8504086473521015e+00   1.8928911513534878e+01
  3.7575593998682959e+00   1.9509066462639456e+01
  4.1511971753169306e+00   2.3214610263765511e+01
  4.7650694809624694e+00   2.9521225617023227e+01
  2.0833694809908785e+00   7.5102016573258563e+00
  1.7726587077025373e+00   6.1912058469624576e+00
  4.2066898973814997e+00   2.3095680377555126e+01
  3.9291236440417685e+00   2.0095805247370791e+01
  4.6847599689489092e+00   2.7981022540025595e+01
  2.2924609494489072e+00   8.3814840484014219e+00
  3.0134303350711580e+00   1.3692708930872840e+01
  5.5435363391035697e+00   3.8279534108882714e+01
  2.6897294710521846e+00   1.0700992447697180e+01
  4.3634339718795871e+00   2.4561170661533303e+01
  3.2051275554370648e+00   1.4592563343446241e+01
  3.5947137331807699e+00   1.7767119641059747e+01
  2.6222420685039047e+00   1.1225108821228106e+01
  5.1860486756863660e+00   3.3367603034986921e+01
  2.0961788570570690e+00   8.0455027421193837e+00
  2.8018596216829224e+00   1.1011722322059486e+01
  3.0899343573774463e+00   1.3409002762749999e+01
  5.1764541926831962e+00   3.4331360625847793e+01
  4.2992106696226706e+00   2.4328878675715945e+01
  4.6792671780240065e+00   2.8051627833478939e+01
  3.9823393200095505e+00   2.1422196440498642e+01
  4.2360409229142491e+00   2.3410050474039007e+01
  4.4940358709352566e+00   2.6106756573187663e+01
  5.5462776458676437e+00   3.8015121535077149e+01
